MAPE: 62.18091%
RMSE: 43.65099