MAPE: 64.288022%
RMSE: 44.7658088